1585119375
1585119837
1585120256
1585120645
1585121082
1585121456
1585121882
1585122292
1585122693
1585123086
1585123628
1585124060
1585124442
1585124839
1585125232
1585125645
1585126030
1585126469
1585126823
1585127225
1585127643
1585128067
1585128442
1585128849
1585129238
1585129631
1585130036
1585130457
1585130901
1585131288
1585131678
1585132074
1585132468
1585132860
1585133255
1585133674
1585134085
1585134483
1585134894
1585135280
1585135675
1585136074
1585136484
1585136875
1585137268
1585137716
1585138092
1585138481
1585138888
1585139278
1585139697
1585140072
1585140478
1585140872
1585141386
1585141773
1585142199
1585142588
1585142974
1585143369
1585143772
1585144231
1585144603
1585145117
1585145477
1585145870
1585146295
1585146681
